Position,Club,Pts,J,G,N,P,Bp,Bc,Diff.,Pts/J,Bp/J,Bc/J
1,Paris Saint-Germain,49,20,16,1,3,50,14,36,2.45,2.5,0.7
2,Olympique de Marseille,41,20,12,5,3,30,21,9,2.05,1.5,1.05
3,Stade Rennais FC,36,20,11,3,6,25,18,7,1.8,1.25,0.9
4,FC Nantes,32,20,10,2,8,19,18,1,1.6,0.95,0.9
5,LOSC,31,20,9,4,7,24,22,2,1.55,1.2,1.1
6,Montpellier Hérault SC,30,20,8,6,6,28,20,8,1.5,1.4,1.0
7,Olympique Lyonnais,29,20,8,5,7,31,19,12,1.45,1.55,0.95
8,Stade de Reims,29,20,7,8,5,17,13,4,1.45,0.85,0.65
9,AS Monaco,29,20,8,5,7,35,33,2,1.45,1.75,1.65
10,Angers SCO,29,20,8,5,7,23,25,-2,1.45,1.15,1.25
11,OGC Nice,28,20,8,4,8,29,28,1,1.4,1.45,1.4
12,RC Strasbourg Alsace,27,20,8,3,9,23,25,-2,1.35,1.15,1.25
13,Girondins de Bordeaux,26,20,7,5,8,29,24,5,1.3,1.45,1.2
14,Stade Brestois 29,25,20,6,7,7,26,26,0,1.25,1.3,1.3
15,AS Saint-Etienne,25,20,7,4,9,22,31,-9,1.25,1.1,1.55
16,Dijon FCO,21,20,5,6,9,15,22,-7,1.05,0.75,1.1
17,FC Metz,20,20,4,8,8,18,28,-10,1.0,0.9,1.4
18,Amiens SC,18,20,4,6,10,23,39,-16,0.9,1.15,1.95
19,Nîmes Olympique,15,20,3,6,11,15,33,-18,0.75,0.75,1.65
20,Toulouse FC,12,20,3,3,14,21,44,-23,0.6,1.05,2.2
